1 -0.0458469 -0.0188802
2 -0.0358307 -0.0122553
3 -0.0408711 -0.0181956
4 -0.0370874 -0.0150293
5 0.0273637 0.0296034
6 0.072503 0.0361455
7 0.0231378 -0.0162345
8 -0.139249 -0.111552
9 -0.295169 -0.158693
10 -0.223567 -0.0649947
11 0.0390039 0.104874
12 0.15545 0.082913
13 0 -0.0724809
14 0.0162318 0.0012238
15 -0.0244825 -0.0340137
16 0.0991129 0.0697799
17 0.215762 0.104154
18 0.252268 0.0807924
19 0 -0.103096
20 0.121651 0.084183
21 0.0671385 -0.00196463
22 0 -0.0271567
23 -0.0223059 -0.0161385
24 -0.0850165 -0.0519637
25 0 0.0326321
26 0.00404406 0.000728445
27 0.0556421 0.0365947
28 0.404565 0.264247
29 0.35436 0.0930779
30 0.217531 0.0195549
31 0.100525 0.0177945
32 0.109664 0.0486893
33 0.35724 0.221909
34 0 -0.127189
35 -0.079218 -0.0405379
36 -0.0803784 -0.0104667
37 -0.181217 -0.0824014
38 -0.162905 -0.0308769
39 -0.54631 -0.312048
40 0 0.223731
41 -0.480022 -0.335609
42 -0.378603 -0.0763926
43 -0.0236803 0.131249
44 -0.0833155 -0.0422044
45 0.00369158 0.0306645
46 0.122251 0.0800757
47 0 -0.0529236
48 0.209503 0.144724
49 0.216646 0.0680894
50 0.0850064 -0.0260657
51 -0.0670468 -0.0805175
52 -0.060454 -0.0156858
53 -0.106419 -0.0515623
54 -0.0770552 -0.0133927
55 0.0935484 0.09522
56 0.203214 0.105776
57 0.211818 0.0700512
58 0.0631474 -0.0368281
59 0 -0.0215632
60 -0.152276 -0.10442
61 -0.267174 -0.12661
62 -0.382583 -0.165263
63 -0.228348 -0.0134185
64 -0.0993299 0.0142071
65 -0.0264065 0.0133821
66 -0.0759148 -0.0512023
67 -0.252232 -0.157343
68 -0.0636032 0.0445875
69 0.154875 0.12362
70 0.220173 0.0841389
71 0.271916 0.0969586
72 0 -0.11408
73 0.198735 0.135789
74 0.151304 0.0246059
75 -0.00405844 -0.0652159
76 -0.0415673 -0.0297428
77 0.0126536 0.0233419
78 0 -0.00720399
79 0 -0.00214255
80 -0.109082 -0.0795907
81 0 0.0403994
82 0 -0.00323337
83 -0.0443651 -0.0347326
84 -0.0289157 -0.00646109
85 0 0.00760009
86 0.0202646 0.0104217
87 0.0350779 0.0130359
88 0 -0.0104283
89 0 -0.00341275
90 0 -0.00341275
91 0 -0.00341275
92 0 -0.00341275
93 0 -0.00341275
94 0 -0.00341275
95 0 -0.00341275
96 0 -0.00341275
97 0.0228539 0.0128135
98 0.114884 0.0519848
99 0.15644 0.0574854
100 0.261338 0.125216
101 0.540047 0.283754
102 0.882077 0.283754
103 1.36655 0.764487
104 1.28945 0.392808
105 1.09564 0.29894
106 0.738428 0.133801
107 0.645601 0.218163
108 0.486174 0.148556
109 0.232336 0.0369631
110 -0.0209106 -0.038983
111 -0.221541 -0.0803411
112 -0.351354 -0.0944715
113 -0.418539 -0.0937616
114 -0.433747 -0.0818705
115 -0.390644 -0.0495215
116 -0.328679 -0.0266737
117 0 0.178615
118 0 0.0471437
119 -0.198095 -0.0935037
120 0 0.124401
121 0 0.0451627
122 0 0.0451627
123 0 0.0451627
124 0 0.0451627
125 0 0.0451627
126 0 0.0451627
127 0 0.0451627
128 0 0.0451627
129 0 0.0451627
130 0.0699143 0.0451627
131 0.0633904 0.0730545
132 0.0600964 0.0650106
133 0.0658227 0.0709949
134 0.0304171 0.0516099
135 -0.0520846 0.000418974
136 -0.153652 -0.0392142
137 -0.223479 -0.0497006
138 -0.235989 -0.0328867
139 -0.197404 -0.00284759
140 -0.153639 0.0108176
141 -0.121224 0.0147897
142 -0.106597 0.0109972
143 -0.100354 0.00851288
144 -0.102417 0.00354694
145 0 0.0760643
146 -0.112162 -0.0445377
147 -0.103845 0.00511078
148 -0.0746114 0.0149085
149 -0.0715389 0.0104971
150 -0.0755614 0.00569678
151 0 0.0601987
152 -0.092811 -0.0359217
153 -0.0897238 0.00246658
154 -0.0826667 0.00534499
155 -0.0849128 0.000100729
156 -0.0851412 -1.20897e-05
157 -0.0896409 -0.00396696
158 -0.0897896 -0.00316904
159 -0.089468 -0.00377913
160 -0.0837424 -0.000737287
161 -0.0746679 0.00257799
162 -0.0731619 -0.000729289
163 -0.0691888 0.000757658
164 -0.0660753 0.000687044
165 0 0.0456944
166 0 0.0192643
167 -0.0701715 -0.0305575
168 -0.0612826 0.00312049
169 -0.0342896 0.0181172
170 -0.02859 0.0110237
171 -0.0376594 0.00201874
172 0 0.0320081
173 -0.0565585 -0.0232122
174 -0.0552339 -0.000213898
175 0 0.03792
176 -0.051477 -0.0207223
177 -0.0490279 0.00109265
178 -0.0309775 0.0124385
179 -0.0294685 0.00597996
180 -0.0333285 0.00234105
181 0 0.027215
182 0 0.0138836
183 -0.0494928 -0.0212563
184 -0.0301936 0.0117484
185 0 0.0251642
186 0.0186969 0.0263616
187 0.0455286 0.0263616
188 0.110595 0.0843175
189 0.208576 0.118231
190 0.254997 0.114083
191 0.238886 0.0866257
192 0.0905743 -0.0098424
193 0.0820907 0.0443647
194 0.0824019 0.0488
195 0.280617 0.190232
196 0.237063 0.0828293
197 0.166801 0.052735
198 0.108721 0.0412713
199 0.0739665 0.0409148
200 0.0359279 0.0285488
201 0 0.0285488
202 0.0125125 0.0274986
203 0.0221178 0.0438097
204 0.0175362 0.0369358
205 0.0128259 0.0355994
206 0.0178638 0.0411888
207 0.0294178 0.0475555
208 0.0429307 0.0475555
209 0.0604121 0.0652341
210 0.0754838 0.0641414
211 0.0822653 0.0636824
212 0 0.00338413
213 0.0314963 0.0586526
214 0.0315148 0.0586526
215 0.0231601 0.0404504
216 -0.00608156 0.0232549
217 0.0655239 0.0857306
218 0.0514918 0.0477809
219 0 0.0276478
220 -0.0637508 -0.00731692
221 -0.0998831 -0.00810801
222 -0.0970681 0.00734471
223 -0.0289515 0.0536108
224 0.0247353 0.0641923
225 0.00487736 0.0641923
226 -0.0177081 0.0211417
227 -0.0232207 0.0255394
228 -0.0346765 0.0193785
229 -0.0423672 0.0181537
230 0 0.050887
231 -0.0660822 -0.0129782
232 -0.0597291 0.0173046
233 -0.0380171 0.0295816
234 -0.00736967 0.0295816
235 -0.0146203 0.0371283
236 -0.023367 0.0214132
237 -0.0133787 0.0317699
238 0.0290599 0.0577722
239 0.0870397 0.0822531
240 0.0555537 0.0375765
241 -0.0570463 -0.0292196
242 -0.0675585 0.00778631
243 -0.0663375 0.0121825
244 0.0560824 0.0979488
245 -0.070533 -0.0157375
246 0 0.0589587
247 0 0.0307455
248 0 0.0307455
249 0 0.0307455
250 -0.561429 -0.367869
251 -0.424581 -0.0517494
252 0 -0.0517494
253 -0.0185464 0.17755
254 -0.0312802 0.00590957
255 0.0165138 0.044624
256 0.139623 0.113079
257 0.25309 0.145793
258 0.252911 0.102811
259 0.152893 0.0343977
260 0.0317934 -0.0100463
261 -0.0871924 -0.0457686
262 -0.157372 -0.048874
263 -0.211001 -0.0604523
264 -0.217803 -0.0459402
265 0 0.109243
266 -0.172455 -0.100322
267 -0.132994 -0.00504628
268 0.0264057 0.0910127
269 0 0.0140501
270 0.0750485 0.0726157
271 0.0653497 0.0390539
272 -0.0146158 -0.0151284
273 0 0.0270889
274 -0.0859032 -0.0234271
275 -0.0926005 -0.0118606
276 -0.131535 -0.0377513
277 -0.138981 -0.0287793
278 -0.13862 -0.0283927
279 -0.113884 -0.0122888
280 -0.0756419 0.0038299
281 -0.0696201 -0.00794781
282 -0.0268807 0.0104755
283 0 0.0207442
284 0.0147836 0.0204882
285 0.0213908 0.0183062
286 0.0268765 0.0210935
287 0 8.56776e-05
288 0.00143661 0.0118563
289 -0.0135856 0.00349879
290 0 0.0160132
291 -0.0745641 -0.0423616
292 -0.0751868 -0.014351
293 0 0.0384043
294 0 0.00832955
295 -0.0181523 -0.00455855
296 0 0.0117785
297 0 0.00814803
298 0.0226655 0.0242406
299 0.0226897 0.0156402
300 0.00705723 0.00476325
301 -0.00183238 0.00477517
302 -0.0128339 0.000501636
303 -0.0223307 -0.000292782
304 -0.0314395 -0.00508401
305 -0.039723 -0.00763616
306 -0.0454472 -0.00878412
307 -0.0477944 -0.00861545
308 -0.0456902 -0.00753828
309 -0.0385399 -0.00333933
310 -0.0290612 0.000145026
311 -0.0157744 0.00549661
312 -0.00868354 0.00355361
313 -0.0062772 0.00375711
314 -0.0058169 0.00305862
315 0 0.00694633
316 -0.0119042 -0.00383239
317 -0.0126799 0.000287807
318 0 0.00931889
319 -0.0165903 -0.0075322
320 -0.0183629 -0.00232049
321 0 0.00756997
322 0 0.00389739
323 0.00119113 0.00474309
324 0.00443935 0.00658479
325 0.00369603 0.00498777
326 0.00320202 0.00482264
327 0.00114829 0.00359412
328 -0.0018331 0.00231031
329 -0.00724179 0.000653681
330 -0.0118922 -0.00163878
331 -0.0172357 -0.00369146
332 -0.0202323 -0.00385394
333 -0.0224762 -0.0042268
334 -0.0164161 0.00029989
335 -0.0114037 0.00127044
336 -0.00836958 0.00130573
337 -0.00642448 0.000936123
338 0 0.00504424
339 -0.00568176 -0.0015596
340 -0.0048478 0.00124839
341 -0.00374776 0.00164736
342 0 0.00308123
343 -0.00550325 -0.00157563
344 -0.00288944 0.00242644
345 -0.00366064 0.00080447
346 -0.00642484 -0.000886244
347 -0.0101568 -0.00184967
348 0 0.00600647
349 -0.0111645 -0.00598307
350 -0.00953812 -0.000474141
351 0 0.00555198
352 -0.00547958 -0.00215377
353 -0.00135926 0.00290869
354 0 0.00194019
355 0.000862421 0.00228066
356 -0.00161668 0.000184153
357 -0.00552457 -0.00161498
358 -0.00570553 -0.000256408
359 -0.00838525 -0.00217987
360 -0.0140508 -0.00521435
