1 0.75 0 0.3225
2 0.75 0 0.3375
3 0.75 0 0.345
4 0.75 0 0.36
5 0.75 0 0.3675
6 0.75 0 0.375
7 0.75 0 0.3825
8 0.58466 0 0.29741
9 0.75 0 0.428915
10 0.349323 0 0.222528
11 0.75 0 0.490469
12 0.0921048 0 0.0494117
13 -1.80897 0.882692 0
14 0.75 0 0.912459
15 0.111976 0 0.0508707
16 8.85495e-05 0 0.116939
17 0.75 0 0.559267
18 0.363809 0 0.242775
19 -2.36298 1 0
20 0.75 0 1
21 -0.000121712 0.0121368 0
22 -2.66151 1 0
23 0.75 0 1
24 -0.325155 0.213272 0
25 -2.6294 1 0
26 0.75 0 0.704709
27 0.75 0 0.374269
28 -0.208153 0.154796 0
29 0.75 0 0.571319
30 0.75 0 0.387188
31 0.265505 0 0.174475
32 0.75 0 0.496897
33 0.555945 0 0.298827
34 -2.63809 1 0
35 0.75 0 1
36 -0.0208842 0.0375186 0
37 0.251453 0 0.268958
38 0.75 0 0.496192
39 0.413453 0 0.215516
40 -2.31257 1 0
41 0.75 0 0.997505
42 0.0384446 0.00597997 0
43 0.0379627 0 0.136446
44 0.75 0 0.471959
45 0.75 0 0.408255
46 0.0522138 0 0.0249949
47 -1.48855 0.697755 0
48 0.75 0 0.849102
49 0.576416 0 0.311685
50 -0.75 0.390627 0
51 0.75 0 0.707156
52 0.75 0 0.414656
53 0.566242 0 0.319252
54 0.532176 0 0.342588
55 0.581855 0 0.382544
56 0.295778 0 0.218223
57 0.75 0 0.532761
58 0.0602667 0 0.0631658
59 -1.83305 0.858541 0
60 0.75 0 0.948298
61 0.193628 0 0.12762
62 -0.446398 0.117583 0
63 0.75 0 0.67594
64 0.75 0 0.444161
65 -0.180478 0.0694067 0
66 0.75 0 0.635952
67 0.75 0 0.457356
68 -0.299814 0.12304 0
69 0.75 0 0.671821
70 0.296737 0 0.215531
71 0.269383 0 0.293832
72 -2.21544 1 0
73 0.75 0 1
74 0.11261 0 0.103426
75 -0.230996 0 0.0396114
76 0.75 0 0.65538
77 0.75 0 0.466681
78 -3.67058 1 0
79 -0.500838 0 0.621122
80 0.75 0 0.682634
81 -3.65631 1 0
82 -0.500573 0 0.584345
83 0.75 0 0.648512
84 0.175246 0 0.0840359
85 -2.26694 1 0
86 0.75 0 0.988369
87 -0.75 0.447519 0
88 -0.500127 0.0450789 0
89 -0.5 0.0749961 0
90 -0.5 0.0850216 0
91 -0.5 0.0900217 0
92 -0.5 0.0950215 0
93 -0.5 0.0950215 0
94 -0.5 0.0950215 0
95 -0.5 0.100022 0
96 -0.5 0.100022 0
97 0.75 0 0.594978
98 -0.75 0.345022 0
99 0.75 0 0.494978
100 0.75 0 0.352478
101 0.75 0 0.359978
102 0.75 0 0.359978
103 0.75 0 0.367478
104 0.75 0 0.374978
105 0.729872 0 0.371207
106 0.538792 0 0.275526
107 0.75 0 0.437407
108 0.505075 0 0.265507
109 0.683097 0 0.419235
110 0.419045 0 0.242593
111 0.734154 0 0.476054
112 0.275849 0 0.163723
113 0.75 0 0.523667
114 0.37051 0 0.223823
115 0.482775 0 0.366295
116 0.500359 0 0.358516
117 -2.60063 1 0
118 -0.500167 0 0.3939
119 0.75 0 0.668899
120 -3.51108 1 0
121 -0.50002 0 0.54346
122 -2.17988 0.858286 0
123 -0.5 0 0.0556449
124 -0.512224 0.124188 0
125 -0.500001 0.120021 0
126 -0.5 0.127465 0
127 -0.5 0.127465 0
128 -0.5 0.132465 0
129 -0.5 0.132465 0
130 0.75 0.132465 0
131 0.75 0 0.397535
132 0.75 0 0.342535
133 0.75 0 0.350035
134 0.75 0 0.365035
135 0.75 0 0.372535
136 0.75 0 0.380035
137 0.75 0 0.387535
138 0.624647 0 0.324837
139 0.719139 0 0.40907
140 0.4455 0 0.244125
141 0.75 0 0.473828
142 0.314373 0 0.176477
143 0.75 0 0.510697
144 0.360746 0 0.213089
145 -2.40997 1 0
146 0.75 0 1
147 0.138991 0 0.0759143
148 0.045658 0 0.157029
149 0.75 0 0.561251
150 0.328743 0 0.191979
151 -2.3896 1 0
152 0.75 0 1
153 0.0666379 0 0.0320911
154 -0.112692 0 0.0690054
155 0.75 0 0.586852
156 0.75 0 0.421813
157 -0.0830693 0.0372055 0
158 0.75 0 0.595096
159 0.75 0 0.435983
160 -0.0500627 0.00455251 0
161 0.75 0 0.602995
162 0.269178 0 0.181222
163 0.465251 0 0.389878
164 0.609005 0 0.435819
165 -2.96246 1 0
166 -0.500481 0 0.476514
167 0.75 0 0.679383
168 -0.23895 0.117025 0
169 0.198751 0 0.323488
170 0.510235 0 0.412366
171 0.75 0 0.48944
172 -2.99832 1 0
173 0.75 0 1
174 -0.062185 0.0283195 0
175 -2.72261 1 0
176 0.75 0 1
177 0.75 0 0.406156
178 -0.75 0.426344 0
179 0.75 0 0.706156
180 0.75 0 0.413656
181 -3.34484 1 0
182 -0.500506 0 0.506392
183 0.75 0 0.632804
184 -0.267997 0.179876 0
185 -3.06174 1 0
186 0.75 0 1
187 0.75 0 1
188 -0.75 0.475595 0
189 0.283188 0 0.395491
190 0.663262 0 0.404526
191 -0.00847083 0.0410262 0
192 0.75 0 0.517979
193 0.75 0 0.373785
194 0.410791 0 0.191328
195 0.75 0 0.453235
196 0.75 0 0.392893
197 0.365369 0 0.185
198 0.75 0 0.480973
199 0.719906 0 0.394694
200 0.17381 0 0.102098
201 -2.01042 0 0.102098
202 0.75 0 0.535722
203 0.75 0 0.427984
204 0.665416 0 0.388117
205 0.383565 0 0.253851
206 0.75 0 0.519261
207 0.31922 0 0.212237
208 0.542868 0 0.212237
209 0.75 0 0.542822
210 0.75 0 0.464166
211 -0.123246 0.0173517 0
212 -1.78882 0.776656 0
213 0.75 0 0.960309
214 0.75 0 0.960309
215 -0.75 0.379955 0
216 -0.75 0.0874547 0
217 0.75 0 0.745045
218 -0.0244464 0 0.0188553
219 -1.39759 0.472122 0
220 0.75 0 0.853867
221 0.75 0 0.431849
222 -0.61134 0.323001 0
223 0.75 0 0.705504
224 0.75 0 0.440736
225 0.75 0 0.440736
226 0.577578 0 0.374697
227 0.279756 0 0.230935
228 0.75 0 0.556634
229 0.0735643 0 0.0912808
230 -2.38317 1 0
231 0.75 0 1
232 0.736157 0 0.446737
233 -0.75 0.375381 0
234 0.75 0.375381 0
235 0.75 0 0.75435
236 0.737845 0 0.455044
237 -0.724242 0.353916 0
238 0.75 0 0.756835
239 0.631771 0 0.403278
240 -0.585072 0.248191 0
241 0.75 0 0.736968
242 0.597001 0 0.391774
243 -0.477967 0.173638 0
244 0.75 0 0.724237
245 -0.75 0.211356 0
246 -3.36167 1 0
247 -0.500273 0 0.559708
248 -3.48368 1 0
249 -0.5 0 0.509586
250 0.75 0 0.607851
251 -0.357375 0.254779 0
252 -3.12939 0.254779 0
253 0.75 0 0.583252
254 0.75 0 0.369277
255 0.75 0 0.376777
256 0.75 0 0.384277
257 0.706167 0 0.36723
258 0.480686 0 0.256789
259 0.75 0 0.457508
260 0.357022 0 0.191078
261 0.75 0 0.493311
262 0.368661 0 0.208666
263 0.729012 0 0.490417
264 0.164317 0 0.109407
265 -2.14429 1 0
266 0.75 0 0.99225
267 0.116772 0 0.0662852
268 -0.068338 0 0.0904366
269 -2.27476 0.910926 0
270 0.75 0 0.980834
271 0.0436976 0 0.0589197
272 -0.105766 0 0.0462871
273 -2.1568 1 0
274 0.75 0 0.65981
275 0.75 0 0.37663
276 -0.227603 0.163328 0
277 0.75 0 0.577375
278 0.75 0 0.396854
279 -0.018807 0.0261779 0
280 0.75 0 0.557927
281 0.75 0 0.411666
282 -0.0363095 0 0.0571005
283 -1.70902 0.801349 0
284 0.75 0 0.893154
285 -0.0472995 0 0.0416189
286 -0.233494 0 0.0166068
287 -2.0226 0.950387 0
288 0.75 0 0.939862
289 -0.111139 0.00439262 0
290 -2.87511 1 0
291 0.75 0 1
292 -0.598362 0.256861 0
293 -3.96577 1 0
294 -0.500175 0 0.5608
295 0.75 0 0.562777
296 -3.43522 1 0
297 -0.500531 0 0.388285
298 0.75 0 0.496639
299 0.401187 0 0.0975905
300 0.75 0 0.331819
301 0.75 0 0.269556
302 0.75 0 0.277056
303 0.75 0 0.292056
304 0.75 0 0.299556
305 0.75 0 0.307056
306 0.75 0 0.314556
307 0.75 0 0.322056
308 0.75 0 0.337056
309 0.75 0 0.344556
310 0.75 0 0.352056
311 0.650527 0 0.303851
312 0.741625 0 0.379573
313 0.491734 0 0.23794
314 0.75 0 0.437464
315 -2.68967 1 0
316 0.75 0 1
317 -0.0203904 0 0.0193311
318 -2.85088 1 0
319 0.75 0 1
320 -0.5438 0.37203 0
321 -3.42696 1 0
322 -0.500142 0 0.413833
323 0.75 0 0.523548
324 0.382764 0 0.0753675
325 0.75 0 0.329071
326 0.75 0 0.299847
327 0.75 0 0.307347
328 0.75 0 0.314847
329 0.75 0 0.329847
330 0.75 0 0.337347
331 0.75 0 0.344847
332 0.75 0 0.352347
333 0.75 0 0.367347
334 0.631276 0 0.308361
335 0.727257 0 0.392169
336 0.457125 0 0.228971
337 0.75 0 0.429791
338 -2.54825 1 0
339 0.75 0 1
340 -0.0175923 0.0398306 0
341 0.348651 0 0.318608
342 -2.1288 0.912067 0
343 0.75 0 0.926515
344 0.000450085 0.0614922 0
345 0.379882 0 0.300904
346 0.75 0 0.436083
347 0.75 0 0.377059
348 -2.81733 1 0
349 0.75 0 1
350 0.0466119 0.0300116 0
351 -2.48202 1 0
352 0.75 0 0.985935
353 -0.414566 0.305125 0
354 -2.38454 1 0
355 0.75 0 0.922103
356 -0.0915815 0.16859 0
357 0.75 0 0.470096
358 0.75 0 0.316779
359 0.75 0 0.324279
360 0.75 0 0.331779
